v 1.0 0.0 0.0
v 0.707 0.0 0.707
v 0.0 0.0 1.0
v -0.707 0.0 0.707
v -1.0 0.0 0.0
v -0.707 0.0 -0.707
v 0.0 0.0 -1.0
v 0.707 0.0 -0.707

v 2.0 0.2 0.0
v 1.414 0.2 1.414
v 0.0 0.2 2.0
v -1.414 0.2 1.414
v -2.0 0.2 0.0
v -1.414 0.2 -1.414
v 0.0 0.2 -2.0
v 1.414 0.2 -1.414

v 1.5 0.4 0.0
v 1.061 0.4 1.061
v 0.0 0.4 1.5
v -1.061 0.4 1.061
v -1.5 0.4 0.0
v -1.061 0.4 -1.061
v 0.0 0.4 -1.5
v 1.061 0.4 -1.061

v 0.5 0.6 0.0
v 0.354 0.6 0.354
v 0.0 0.6 0.5
v -0.354 0.6 0.354
v -0.5 0.6 0.0
v -0.354 0.6 -0.354
v 0.0 0.6 -0.5
v 0.354 0.6 -0.354

v 0.0 0.8 0.0

f 1 2 10
f 1 10 9
f 2 3 11
f 2 11 10
f 3 4 12
f 3 12 11
f 4 5 13
f 4 13 12
f 5 6 14
f 5 14 13
f 6 7 15
f 6 15 14
f 7 8 16
f 7 16 15
f 8 1 9
f 8 9 16

f 9 10 18
f 9 18 17
f 10 11 19
f 10 19 18
f 11 12 20
f 11 20 19
f 12 13 21
f 12 21 20
f 13 14 22
f 13 22 21
f 14 15 23
f 14 23 22
f 15 16 24
f 15 24 23
f 16 9 17
f 16 17 24

f 17 18 26
f 17 26 25
f 18 19 27
f 18 27 26
f 19 20 28
f 19 28 27
f 20 21 29
f 20 29 28
f 21 22 30
f 21 30 29
f 22 23 31
f 22 31 30
f 23 24 32
f 23 32 31
f 24 17 25
f 24 25 32

f 25 26 33
f 26 27 33
f 27 28 33
f 28 29 33
f 29 30 33
f 30 31 33
f 31 32 33
f 32 25 33

v 0.0 0.0 0.0

f 2 1 34
f 3 2 34
f 4 3 34
f 5 4 34
f 6 5 34
f 7 6 34
f 8 7 34
f 1 8 34
