v -10.00 -0.06 0.00
v -8.18 -0.04 0.00
v -6.36 -0.04 0.00
v -4.55 -0.07 0.00
v -2.73 -0.06 0.00
v -0.91 0.04 0.00
v 0.91 0.09 0.00
v 2.73 0.05 0.00
v 4.55 0.03 0.00
v 6.36 0.04 0.00
v 8.18 0.01 0.00
v 10.00 -0.09 0.00
v -10.00 -0.06 1.82
v -8.18 -0.05 1.82
v -6.36 -0.05 1.82
v -4.55 -0.01 1.82
v -2.73 -0.07 1.82
v -0.91 0.02 1.82
v 0.91 0.06 1.82
v 2.73 0.09 1.82
v 4.55 -0.01 1.82
v 6.36 0.03 1.82
v 8.18 -0.01 1.82
v 10.00 -0.03 1.82
v -10.00 0.00 3.64
v -8.18 -0.07 3.64
v -6.36 -0.03 3.64
v -4.55 -0.00 3.64
v -2.73 -0.01 3.64
v -0.91 -0.03 3.64
v 0.91 0.04 3.64
v 2.73 0.07 3.64
v 4.55 0.02 3.64
v 6.36 -0.02 3.64
v 8.18 0.00 3.64
v 10.00 0.00 3.64
v -10.00 0.05 5.45
v -8.18 -0.04 5.45
v -6.36 -0.01 5.45
v -4.55 0.00 5.45
v -2.73 0.04 5.45
v -0.91 -0.05 5.45
v 0.91 0.00 5.45
v 2.73 0.01 5.45
v 4.55 0.04 5.45
v 6.36 -0.05 5.45
v 8.18 0.01 5.45
v 10.00 0.01 5.45
v -10.00 0.03 7.27
v -8.18 0.04 7.27
v -6.36 -0.01 7.27
v -4.55 0.03 7.27
v -2.73 0.04 7.27
v -0.91 -0.00 7.27
v 0.91 -0.06 7.27
v 2.73 -0.02 7.27
v 4.55 0.01 7.27
v 6.36 -0.02 7.27
v 8.18 -0.02 7.27
v 10.00 0.04 7.27
v -10.00 0.01 9.09
v -8.18 0.09 9.09
v -6.36 0.02 9.09
v -4.55 0.04 9.09
v -2.73 0.02 9.09
v -0.91 0.03 9.09
v 0.91 -0.09 9.09
v 2.73 -0.06 9.09
v 4.55 -0.04 9.09
v 6.36 0.02 9.09
v 8.18 -0.03 9.09
v 10.00 0.05 9.09
v -10.00 0.01 10.91
v -8.18 0.07 10.91
v -6.36 0.10 10.91
v -4.55 0.02 10.91
v -2.73 0.02 10.91
v -0.91 0.01 10.91
v 0.91 -0.04 10.91
v 2.73 -0.11 10.91
v 4.55 -0.05 10.91
v 6.36 0.01 10.91
v 8.18 0.02 10.91
v 10.00 0.02 10.91
v -10.00 -0.00 12.73
v -8.18 0.04 12.73
v -6.36 0.11 12.73
v -4.55 0.03 12.73
v -2.73 0.01 12.73
v -0.91 -0.02 12.73
v 0.91 -0.00 12.73
v 2.73 -0.10 12.73
v 4.55 -0.06 12.73
v 6.36 -0.02 12.73
v 8.18 0.07 12.73
v 10.00 0.01 12.73
v -10.00 -0.03 14.55
v -8.18 0.02 14.55
v -6.36 0.05 14.55
v -4.55 0.07 14.55
v -2.73 -0.03 14.55
v -0.91 -0.02 14.55
v 0.91 -0.01 14.55
v 2.73 -0.02 14.55
v 4.55 -0.08 14.55
v 6.36 -0.01 14.55
v 8.18 0.04 14.55
v 10.00 0.04 14.55
v -10.00 -0.01 16.36
v -8.18 -0.01 16.36
v -6.36 -0.01 16.36
v -4.55 0.06 16.36
v -2.73 -0.02 16.36
v -0.91 -0.02 16.36
v 0.91 -0.02 16.36
v 2.73 0.04 16.36
v 4.55 -0.04 16.36
v 6.36 -0.02 16.36
v 8.18 -0.00 16.36
v 10.00 0.06 16.36
v -10.00 0.04 18.18
v -8.18 -0.05 18.18
v -6.36 -0.04 18.18
v -4.55 -0.01 18.18
v -2.73 0.03 18.18
v -0.91 -0.03 18.18
v 0.91 0.01 18.18
v 2.73 0.04 18.18
v 4.55 0.05 18.18
v 6.36 -0.03 18.18
v 8.18 -0.01 18.18
v 10.00 0.00 18.18
v -10.00 0.03 20.00
v -8.18 -0.04 20.00
v -6.36 -0.07 20.00
v -4.55 -0.07 20.00
v -2.73 0.03 20.00
v -0.91 0.00 20.00
v 0.91 0.02 20.00
v 2.73 0.04 20.00
v 4.55 0.10 20.00
v 6.36 -0.01 20.00
v 8.18 -0.03 20.00
v 10.00 -0.05 20.00

f 1 14 2
f 1 13 14
f 2 15 3
f 2 14 15
f 3 16 4
f 3 15 16
f 4 17 5
f 4 16 17
f 5 18 6
f 5 17 18
f 6 19 7
f 6 18 19
f 7 20 8
f 7 19 20
f 8 21 9
f 8 20 21
f 9 22 10
f 9 21 22
f 10 23 11
f 10 22 23
f 11 24 12
f 11 23 24
f 13 26 14
f 13 25 26
f 14 27 15
f 14 26 27
f 15 28 16
f 15 27 28
f 16 29 17
f 16 28 29
f 17 30 18
f 17 29 30
f 18 31 19
f 18 30 31
f 19 32 20
f 19 31 32
f 20 33 21
f 20 32 33
f 21 34 22
f 21 33 34
f 22 35 23
f 22 34 35
f 23 36 24
f 23 35 36
f 25 38 26
f 25 37 38
f 26 39 27
f 26 38 39
f 27 40 28
f 27 39 40
f 28 41 29
f 28 40 41
f 29 42 30
f 29 41 42
f 30 43 31
f 30 42 43
f 31 44 32
f 31 43 44
f 32 45 33
f 32 44 45
f 33 46 34
f 33 45 46
f 34 47 35
f 34 46 47
f 35 48 36
f 35 47 48
f 37 50 38
f 37 49 50
f 38 51 39
f 38 50 51
f 39 52 40
f 39 51 52
f 40 53 41
f 40 52 53
f 41 54 42
f 41 53 54
f 42 55 43
f 42 54 55
f 43 56 44
f 43 55 56
f 44 57 45
f 44 56 57
f 45 58 46
f 45 57 58
f 46 59 47
f 46 58 59
f 47 60 48
f 47 59 60
f 49 62 50
f 49 61 62
f 50 63 51
f 50 62 63
f 51 64 52
f 51 63 64
f 52 65 53
f 52 64 65
f 53 66 54
f 53 65 66
f 54 67 55
f 54 66 67
f 55 68 56
f 55 67 68
f 56 69 57
f 56 68 69
f 57 70 58
f 57 69 70
f 58 71 59
f 58 70 71
f 59 72 60
f 59 71 72
f 61 74 62
f 61 73 74
f 62 75 63
f 62 74 75
f 63 76 64
f 63 75 76
f 64 77 65
f 64 76 77
f 65 78 66
f 65 77 78
f 66 79 67
f 66 78 79
f 67 80 68
f 67 79 80
f 68 81 69
f 68 80 81
f 69 82 70
f 69 81 82
f 70 83 71
f 70 82 83
f 71 84 72
f 71 83 84
f 73 86 74
f 73 85 86
f 74 87 75
f 74 86 87
f 75 88 76
f 75 87 88
f 76 89 77
f 76 88 89
f 77 90 78
f 77 89 90
f 78 91 79
f 78 90 91
f 79 92 80
f 79 91 92
f 80 93 81
f 80 92 93
f 81 94 82
f 81 93 94
f 82 95 83
f 82 94 95
f 83 96 84
f 83 95 96
f 85 98 86
f 85 97 98
f 86 99 87
f 86 98 99
f 87 100 88
f 87 99 100
f 88 101 89
f 88 100 101
f 89 102 90
f 89 101 102
f 90 103 91
f 90 102 103
f 91 104 92
f 91 103 104
f 92 105 93
f 92 104 105
f 93 106 94
f 93 105 106
f 94 107 95
f 94 106 107
f 95 108 96
f 95 107 108
f 97 110 98
f 97 109 110
f 98 111 99
f 98 110 111
f 99 112 100
f 99 111 112
f 100 113 101
f 100 112 113
f 101 114 102
f 101 113 114
f 102 115 103
f 102 114 115
f 103 116 104
f 103 115 116
f 104 117 105
f 104 116 117
f 105 118 106
f 105 117 118
f 106 119 107
f 106 118 119
f 107 120 108
f 107 119 120
f 109 122 110
f 109 121 122
f 110 123 111
f 110 122 123
f 111 124 112
f 111 123 124
f 112 125 113
f 112 124 125
f 113 126 114
f 113 125 126
f 114 127 115
f 114 126 127
f 115 128 116
f 115 127 128
f 116 129 117
f 116 128 129
f 117 130 118
f 117 129 130
f 118 131 119
f 118 130 131
f 119 132 120
f 119 131 132
f 121 134 122
f 121 133 134
f 122 135 123
f 122 134 135
f 123 136 124
f 123 135 136
f 124 137 125
f 124 136 137
f 125 138 126
f 125 137 138
f 126 139 127
f 126 138 139
f 127 140 128
f 127 139 140
f 128 141 129
f 128 140 141
f 129 142 130
f 129 141 142
f 130 143 131
f 130 142 143
f 131 144 132
f 131 143 144

